yd =[

   -0.0645;
   -0.1007;
   -0.0000];
   
   

uMin =[

   -0.0318;
   -0.0349;
   -0.0262;
   -0.0262;
   -0.0262;
   -0.0262;
   -0.0175];
   
   uMax =[

    0.0349;
    0.0349;
         0;
         0;
    0.0262;
    0.0262;
    0.0175];

B =[

    0.7073   -0.7073   -3.4956   -3.0013    3.0013    3.4956    2.1103;
    1.1204    1.1204   -0.7919   -1.2614   -1.2614   -0.7919    0.0035;
   -0.3309    0.3309   -0.1507   -0.3088    0.3088    0.1507   -1.2680];


